import type { Task, Project } from "@/types";
import { MOCK_USERS } from "./core";

export const MOCK_PROJECTS: Project[] = [
  {
    id: "44444444-4444-4444-4444-444444444401",
    workspaceId: "11111111-1111-1111-1111-111111111111",
    name: "Brand OS v2",
    description: "Refinamento de identidade e tom de voz",
    color: "#9b8cff",
    icon: "Sparkles",
    status: "active",
    members: [MOCK_USERS[0], MOCK_USERS[3], MOCK_USERS[2]],
    progress: 62,
    taskCount: { total: 24, done: 15 },
  },
  {
    id: "44444444-4444-4444-4444-444444444402",
    workspaceId: "11111111-1111-1111-1111-111111111111",
    personaId: "33333333-3333-3333-3333-333333333301",
    name: "Lançamento Aurora Q2",
    description: "Campanha brutal — comunidade premium",
    color: "#c08a3d",
    icon: "Rocket",
    status: "active",
    members: [MOCK_USERS[0], MOCK_USERS[1], MOCK_USERS[2], MOCK_USERS[3]],
    progress: 38,
    taskCount: { total: 56, done: 21 },
  },
  {
    id: "44444444-4444-4444-4444-444444444403",
    workspaceId: "11111111-1111-1111-1111-111111111111",
    name: "Content Engine",
    description: "Pipeline de produção · 4 personas",
    color: "#5b8cff",
    icon: "Workflow",
    status: "active",
    members: [MOCK_USERS[1], MOCK_USERS[3], MOCK_USERS[4]],
    progress: 81,
    taskCount: { total: 142, done: 115 },
  },
  {
    id: "44444444-4444-4444-4444-444444444404",
    workspaceId: "11111111-1111-1111-1111-111111111111",
    personaId: "33333333-3333-3333-3333-333333333302",
    name: "Curso Obsidian Forge",
    description: "Currículo · gravação · plataforma",
    color: "#36b3ff",
    icon: "GraduationCap",
    status: "active",
    members: [MOCK_USERS[0], MOCK_USERS[2], MOCK_USERS[4]],
    progress: 22,
    taskCount: { total: 48, done: 11 },
  },
];

const today = new Date();
const offset = (d: number) => {
  const x = new Date(today);
  x.setDate(x.getDate() + d);
  return x.toISOString();
};

export const MOCK_TASKS: Task[] = [
  {
    id: "t_001",
    workspaceId: "11111111-1111-1111-1111-111111111111",
    personaId: "33333333-3333-3333-3333-333333333301",
    projectId: "44444444-4444-4444-4444-444444444402",
    title: "Roteirizar série de 7 reels — pré-lançamento Aurora",
    description: "Sequência narrativa + hook por episódio + CTA progressivo",
    status: "doing",
    priority: "urgent",
    assignee: MOCK_USERS[2],
    dueAt: offset(2),
    labels: ["copy", "lancamento"],
    relatedEntity: { type: "campaign", id: "lc_aurora_q2", title: "Lançamento Q2" },
    createdAt: offset(-3),
  },
  {
    id: "t_002",
    workspaceId: "11111111-1111-1111-1111-111111111111",
    title: "Refinar deck de posicionamento institucional",
    status: "review",
    priority: "high",
    assignee: MOCK_USERS[3],
    dueAt: offset(1),
    labels: ["design"],
    createdAt: offset(-5),
  },
  {
    id: "t_003",
    workspaceId: "11111111-1111-1111-1111-111111111111",
    personaId: "33333333-3333-3333-3333-333333333301",
    title: "Capturar B-roll · ritual matinal Aurora",
    status: "todo",
    priority: "medium",
    assignee: MOCK_USERS[4],
    dueAt: offset(4),
    labels: ["video", "produção"],
    createdAt: offset(-2),
  },
  {
    id: "t_004",
    workspaceId: "11111111-1111-1111-1111-111111111111",
    personaId: "33333333-3333-3333-3333-333333333302",
    projectId: "44444444-4444-4444-4444-444444444404",
    title: "Definir grade do módulo 02 · forge de stacks",
    status: "todo",
    priority: "high",
    assignee: MOCK_USERS[0],
    dueAt: offset(6),
    labels: ["curso"],
    createdAt: offset(-1),
  },
  {
    id: "t_005",
    workspaceId: "11111111-1111-1111-1111-111111111111",
    title: "Revisar contratos · novo fornecedor de IA",
    status: "backlog",
    priority: "low",
    assignee: MOCK_USERS[5],
    dueAt: offset(10),
    labels: ["legal"],
    createdAt: offset(-1),
  },
  {
    id: "t_006",
    workspaceId: "11111111-1111-1111-1111-111111111111",
    personaId: "33333333-3333-3333-3333-333333333301",
    title: "Calibrar IA contextual da persona Aurora",
    status: "doing",
    priority: "high",
    assignee: MOCK_USERS[1],
    dueAt: offset(3),
    labels: ["IA", "calibração"],
    createdAt: offset(-2),
  },
  {
    id: "t_007",
    workspaceId: "11111111-1111-1111-1111-111111111111",
    title: "Auditar Tools Hub · marcar ferramentas obsoletas",
    status: "review",
    priority: "low",
    assignee: MOCK_USERS[1],
    dueAt: offset(0),
    labels: ["ops"],
    createdAt: offset(-7),
  },
  {
    id: "t_008",
    workspaceId: "11111111-1111-1111-1111-111111111111",
    personaId: "33333333-3333-3333-3333-333333333301",
    title: "Editar reel 003 · hook 'A vida que você adia te custa caro'",
    status: "done",
    priority: "high",
    assignee: MOCK_USERS[4],
    labels: ["video"],
    createdAt: offset(-9),
  },
  {
    id: "t_009",
    workspaceId: "11111111-1111-1111-1111-111111111111",
    personaId: "33333333-3333-3333-3333-333333333302",
    title: "Publicar carrossel · benchmark stacks 2026",
    status: "scheduled" as any,
    priority: "medium",
    assignee: MOCK_USERS[3],
    dueAt: offset(1),
    labels: ["conteudo"],
    createdAt: offset(-4),
  },
  {
    id: "t_010",
    workspaceId: "11111111-1111-1111-1111-111111111111",
    title: "Reunião semanal · alinhamento Lançamento",
    status: "todo",
    priority: "medium",
    assignee: MOCK_USERS[0],
    dueAt: offset(2),
    labels: ["reuniao"],
    createdAt: offset(-1),
  },
  {
    id: "t_011",
    workspaceId: "11111111-1111-1111-1111-111111111111",
    personaId: "33333333-3333-3333-3333-333333333301",
    title: "Qualificar 42 leads pendentes do form Aurora",
    status: "doing",
    priority: "urgent",
    assignee: MOCK_USERS[1],
    dueAt: offset(0),
    labels: ["leads", "CRM"],
    createdAt: offset(-1),
  },
  {
    id: "t_012",
    workspaceId: "11111111-1111-1111-1111-111111111111",
    title: "Atualizar wiki · processo de aprovação editorial",
    status: "backlog",
    priority: "low",
    assignee: MOCK_USERS[2],
    labels: ["docs"],
    createdAt: offset(-12),
  },
];

